
I: ok -- 1
Log [elementos: 1]
[0;5.000000;0] 

I: ok -- 2
Log [elementos: 2]
[1;10.000000;0] [0;5.000000;1] 

I: ok -- 3
Log [elementos: 3]
[2;15.000000;0] [0;5.000000;1] [1;10.000000;2] 

I: ok -- 4
Log [elementos: 4]
[2;15.000000;0] [3;8.000000;1] [1;10.000000;2] [0;5.000000;3] 

I: ok -- 5
Log [elementos: 5]
[2;15.000000;0] [4;12.000000;1] [1;10.000000;2] [0;5.000000;3] [3;8.000000;4] 

A: ok -- 6
Log [elementos: 5]
[2;15.000000;0] [3;14.000000;1] [1;10.000000;2] [0;5.000000;3] [4;12.000000;4] 

A: ok -- 7
Log [elementos: 5]
[4;30.000000;0] [2;15.000000;1] [1;10.000000;2] [0;5.000000;3] [3;14.000000;4] 


Verificando Tamanho | ok -- 8
Log [elementos: 5]
[4;30.000000;0] [2;15.000000;1] [1;10.000000;2] [0;5.000000;3] [3;14.000000;4] 

A: ok -- 9
Log [elementos: 5]
[4;30.000000;0] [0;29.000000;1] [1;10.000000;2] [2;15.000000;3] [3;14.000000;4] 

Rm: ok -- 10 - Prioritario: 4, 30.000000
Log [elementos: 4]
[0;29.000000;0] [2;15.000000;1] [1;10.000000;2] [3;14.000000;3] 

I: ok -- 11
Log [elementos: 5]
[0;29.000000;0] [4;25.000000;1] [1;10.000000;2] [3;14.000000;3] [2;15.000000;4] 

nok -- 12
Log [elementos: 5]
[0;29.000000;0] [4;25.000000;1] [1;10.000000;2] [3;14.000000;3] [2;15.000000;4] 

Consultando todas as prioridades -- 13
id: 0, posição no heap: 0, prioridade: 29.000000
id: 1, posição no heap: 2, prioridade: 10.000000
id: 2, posição no heap: 4, prioridade: 15.000000
id: 3, posição no heap: 3, prioridade: 14.000000
id: 4, posição no heap: 1, prioridade: 25.000000

Rd: ok -- 14
Log [elementos: 5]
[4;25.000000;0] [2;15.000000;1] [1;10.000000;2] [3;14.000000;3] [0;5.000000;4] 

Rd: ok -- 15
Log [elementos: 5]
[2;15.000000;0] [3;14.000000;1] [1;10.000000;2] [4;11.000000;3] [0;5.000000;4] 

Rd: ok -- 16
Log [elementos: 5]
[2;15.000000;0] [3;14.000000;1] [1;1.000000;2] [4;11.000000;3] [0;5.000000;4] 

Rm: ok -- 17 - Prioritario: 2, 15.000000
Log [elementos: 4]
[3;14.000000;0] [4;11.000000;1] [1;1.000000;2] [0;5.000000;3] 

A: ok -- 18
Log [elementos: 4]
[0;20.000000;0] [3;14.000000;1] [1;1.000000;2] [4;11.000000;3] 

A: ok -- 19
Log [elementos: 4]
[0;20.000000;0] [4;19.000000;1] [1;1.000000;2] [3;14.000000;3] 

I: ok -- 20
Log [elementos: 5]
[0;20.000000;0] [4;19.000000;1] [1;1.000000;2] [3;14.000000;3] [2;18.000000;4] 

